[gd_scene load_steps=19 format=3 uid="uid://ddsseoc2uayal"]

[ext_resource type="Script" path="res://addons/zylann.hterrain/hterrain.gd" id="1_87nar"]
[ext_resource type="Script" path="res://Scripts/Debug.gd" id="1_x4u7o"]
[ext_resource type="Theme" uid="uid://cmfdi20b1ov7n" path="res://Resources/Fonts/pixelStyleSlot.tres" id="2_ctsrh"]
[ext_resource type="Resource" path="res://Terrain/data.hterrain" id="2_gonrn"]
[ext_resource type="Script" path="res://addons/zylann.hterrain/hterrain_texture_set.gd" id="3_mverg"]
[ext_resource type="PackedScene" uid="uid://bha6k8g1hp2ws" path="res://Scenes/Enteties/player.tscn" id="4_e6x15"]
[ext_resource type="PackedScene" uid="uid://ci4wm0q84cvnd" path="res://npc.tscn" id="5_288r1"]
[ext_resource type="PackedScene" uid="uid://e6pau3e4hnrl" path="res://Scenes/Objects/Resources/Trees/StandardTree/tree.tscn" id="6_6fp2o"]
[ext_resource type="PackedScene" uid="uid://c6itjrq5dxh12" path="res://Scenes/Objects/craftingstation_broken.tscn" id="7_cdhkg"]

[sub_resource type="ProceduralSkyMaterial" id="ProceduralSkyMaterial_7tf8n"]
sky_horizon_color = Color(0.64625, 0.65575, 0.67075, 1)
ground_horizon_color = Color(0.64625, 0.65575, 0.67075, 1)

[sub_resource type="Sky" id="Sky_lbrv8"]
sky_material = SubResource("ProceduralSkyMaterial_7tf8n")

[sub_resource type="Environment" id="Environment_itn3v"]
background_mode = 2
sky = SubResource("Sky_lbrv8")
tonemap_mode = 2
glow_enabled = true

[sub_resource type="Resource" id="Resource_ne3a5"]
script = ExtResource("3_mverg")
mode = 0
textures = [[], []]

[sub_resource type="StandardMaterial3D" id="StandardMaterial3D_je8x8"]
albedo_color = Color(0.207843, 0.662745, 1, 1)

[sub_resource type="PlaneMesh" id="PlaneMesh_f5it4"]

[sub_resource type="ConvexPolygonShape3D" id="ConvexPolygonShape3D_7xr3o"]
points = PackedVector3Array(-1, 0, -1, -1, 0, 1, 1, 0, -1, 1, 0, 1)

[sub_resource type="ConvexPolygonShape3D" id="ConvexPolygonShape3D_3reaf"]
points = PackedVector3Array(-1, 0, -1, -1, 0, 1, 1, 0, -1, 1, 0, 1)

[sub_resource type="ConvexPolygonShape3D" id="ConvexPolygonShape3D_tfu2i"]
points = PackedVector3Array(-1, 0, -1, -1, 0, 1, 1, 0, -1, 1, 0, 1)

[node name="TutorialWorld" type="Node3D"]

[node name="Debug" type="CanvasLayer" parent="."]

[node name="Control" type="Control" parent="Debug"]
layout_mode = 3
anchors_preset = 15
anchor_right = 1.0
anchor_bottom = 1.0
offset_left = 360.0
offset_bottom = -227.0
grow_horizontal = 2
grow_vertical = 2
size_flags_horizontal = 8
size_flags_vertical = 0
mouse_filter = 2
script = ExtResource("1_x4u7o")
metadata/_edit_use_anchors_ = true

[node name="VBoxContainer" type="VBoxContainer" parent="Debug/Control"]
layout_mode = 0
offset_right = 280.0
offset_bottom = 360.0
mouse_filter = 2

[node name="FPS" type="Label" parent="Debug/Control/VBoxContainer"]
layout_mode = 2
theme = ExtResource("2_ctsrh")
text = "100 Fps"
horizontal_alignment = 2

[node name="Label" type="Label" parent="Debug"]
anchors_preset = 8
anchor_left = 0.5
anchor_top = 0.5
anchor_right = 0.5
anchor_bottom = 0.5
offset_left = -5.0
offset_top = -11.5
offset_right = 5.0
offset_bottom = 11.5
grow_horizontal = 2
grow_vertical = 2
size_flags_horizontal = 4
size_flags_vertical = 6
text = "+"
metadata/_edit_use_anchors_ = true

[node name="DirectionalLight3D" type="DirectionalLight3D" parent="."]
transform = Transform3D(-0.866023, -0.433016, 0.250001, 0, 0.499998, 0.866027, -0.500003, 0.749999, -0.43301, 0, 0, 0)
shadow_enabled = true

[node name="WorldEnvironment" type="WorldEnvironment" parent="."]
environment = SubResource("Environment_itn3v")

[node name="HTerrain" type="Node3D" parent="."]
script = ExtResource("1_87nar")
_terrain_data = ExtResource("2_gonrn")
chunk_size = 32
collision_enabled = true
collision_layer = 1
collision_mask = 1
shader_type = "Classic4Lite"
custom_shader = null
custom_globalmap_shader = null
texture_set = SubResource("Resource_ne3a5")
render_layers = 1
cast_shadow = 1
shader_params/u_ground_uv_scale = 20
shader_params/u_depth_blending = true
shader_params/u_triplanar = null
shader_params/u_tile_reduction = null

[node name="Player" parent="." instance=ExtResource("4_e6x15")]
transform = Transform3D(1, 0, 0, 0, 1, 0, 0, 0, 1, 106.717, 0.207369, 61.5413)

[node name="MeshInstance3D" type="MeshInstance3D" parent="."]
transform = Transform3D(100, 0, 0, 0, 1, 0, 0, 0, 100, 52.305, -0.285, 35.898)
material_override = SubResource("StandardMaterial3D_je8x8")
mesh = SubResource("PlaneMesh_f5it4")

[node name="Barrier" type="Node3D" parent="."]

[node name="StaticBody3D" type="StaticBody3D" parent="Barrier"]
transform = Transform3D(27.5725, -0.317305, -1.38698e-07, 0, -4.37114e-08, 10, -9.22563, -0.948324, -4.14525e-07, 111.496, 0.835432, 56.1062)

[node name="CollisionShape3D" type="CollisionShape3D" parent="Barrier/StaticBody3D"]
shape = SubResource("ConvexPolygonShape3D_7xr3o")

[node name="StaticBody3D2" type="StaticBody3D" parent="Barrier"]
transform = Transform3D(8.28475, -0.951057, -4.1572e-07, 0, -4.37114e-08, 10, -25.4978, -0.309017, -1.35076e-07, 65.4233, 0.835, 103.509)

[node name="CollisionShape3D" type="CollisionShape3D" parent="Barrier/StaticBody3D2"]
shape = SubResource("ConvexPolygonShape3D_3reaf")

[node name="StaticBody3D3" type="StaticBody3D" parent="Barrier"]
transform = Transform3D(14.2285, -0.71325, -3.11772e-07, 0, -4.37114e-08, 10, -14.479, -0.700909, -3.06377e-07, 81.8122, 0.835, 73.6498)

[node name="CollisionShape3D" type="CollisionShape3D" parent="Barrier/StaticBody3D3"]
shape = SubResource("ConvexPolygonShape3D_tfu2i")

[node name="StaticBody3D4" type="StaticBody3D" parent="Barrier"]
transform = Transform3D(40, 0, 0, 0, -4.37114e-08, 10, 0, -1, -4.37114e-07, 107.733, 0.835432, 127.543)

[node name="CollisionShape3D" type="CollisionShape3D" parent="Barrier/StaticBody3D4"]
transform = Transform3D(1, 0, 0, 0, 1, -2.84217e-14, 0, 0, 1, -0.394918, 0, 0)
shape = SubResource("ConvexPolygonShape3D_7xr3o")

[node name="StaticBody3D5" type="StaticBody3D" parent="Barrier"]
transform = Transform3D(-1.74846e-06, -1.376, -6.01381e-07, 0, -6.01469e-08, 13.758, -40, 6.01469e-08, 2.62872e-14, 127.4, 1.06982, 89.5106)

[node name="CollisionShape3D" type="CollisionShape3D" parent="Barrier/StaticBody3D5"]
shape = SubResource("ConvexPolygonShape3D_7xr3o")

[node name="StaticBody3D" parent="." instance=ExtResource("5_288r1")]
transform = Transform3D(-0.304947, 0, -0.952369, 0, 1, 0, 0.952369, 0, -0.304947, 117.482, -0.0053792, 63.5551)

[node name="Trees" type="Node3D" parent="."]

[node name="Tree" parent="Trees" instance=ExtResource("6_6fp2o")]
transform = Transform3D(1, 0, 0, 0, 1, 0, 0, 0, 1, 120.176, -9.53674e-07, 62.4911)

[node name="Tree2" parent="Trees" instance=ExtResource("6_6fp2o")]
transform = Transform3D(1, 0, 0, 0, 1, 0, 0, 0, 1, 119.907, -9.53674e-07, 68.5908)

[node name="Tree3" parent="Trees" instance=ExtResource("6_6fp2o")]
transform = Transform3D(1, 0, 0, 0, 1, 0, 0, 0, 1, 116.605, -9.53674e-07, 66.5938)

[node name="Tree4" parent="Trees" instance=ExtResource("6_6fp2o")]
transform = Transform3D(1, 0, 0, 0, 1, 0, 0, 0, 1, 116.336, -9.53674e-07, 72.6935)

[node name="Tree5" parent="Trees" instance=ExtResource("6_6fp2o")]
transform = Transform3D(1, 0, 0, 0, 1, 0, 0, 0, 1, 121.308, -9.53674e-07, 74.3797)

[node name="Tree6" parent="Trees" instance=ExtResource("6_6fp2o")]
transform = Transform3D(1, 0, 0, 0, 1, 0, 0, 0, 1, 121.038, -9.53674e-07, 80.4794)

[node name="Tree7" parent="Trees" instance=ExtResource("6_6fp2o")]
transform = Transform3D(1, 0, 0, 0, 1, 0, 0, 0, 1, 117.737, -9.53674e-07, 78.4824)

[node name="Tree8" parent="Trees" instance=ExtResource("6_6fp2o")]
transform = Transform3D(1, 0, 0, 0, 1, 0, 0, 0, 1, 117.467, -9.53674e-07, 84.5821)

[node name="Tree9" parent="Trees" instance=ExtResource("6_6fp2o")]
transform = Transform3D(0.981033, 0, -0.193841, 0, 1, 0, 0.193841, 0, 0.981033, 122.621, -9.53674e-07, 87.5522)

[node name="Tree10" parent="Trees" instance=ExtResource("6_6fp2o")]
transform = Transform3D(0.981033, 0, -0.193841, 0, 1, 0, 0.193841, 0, 0.981033, 121.173, -9.53674e-07, 93.4839)

[node name="Tree11" parent="Trees" instance=ExtResource("6_6fp2o")]
transform = Transform3D(0.981033, 0, -0.193841, 0, 1, 0, 0.193841, 0, 0.981033, 118.322, -9.53674e-07, 90.8849)

[node name="Tree12" parent="Trees" instance=ExtResource("6_6fp2o")]
transform = Transform3D(0.981033, 0, -0.193841, 0, 1, 0, 0.193841, 0, 0.981033, 116.875, -9.53674e-07, 96.8166)

[node name="Tree13" parent="Trees" instance=ExtResource("6_6fp2o")]
transform = Transform3D(0.981033, 0, -0.193841, 0, 1, 0, 0.193841, 0, 0.981033, 121.426, -9.53674e-07, 99.4347)

[node name="Tree14" parent="Trees" instance=ExtResource("6_6fp2o")]
transform = Transform3D(0.981033, 0, -0.193841, 0, 1, 0, 0.193841, 0, 0.981033, 119.979, -9.53674e-07, 105.366)

[node name="Tree15" parent="Trees" instance=ExtResource("6_6fp2o")]
transform = Transform3D(0.981033, 0, -0.193841, 0, 1, 0, 0.193841, 0, 0.981033, 117.128, -9.53674e-07, 102.767)

[node name="Tree16" parent="Trees" instance=ExtResource("6_6fp2o")]
transform = Transform3D(0.981033, 0, -0.193841, 0, 1, 0, 0.193841, 0, 0.981033, 115.68, -9.53674e-07, 108.699)

[node name="Tree17" parent="Trees" instance=ExtResource("6_6fp2o")]
transform = Transform3D(1, 0, 0, 0, 1, 0, 0, 0, 1, 113.202, -9.53674e-07, 76.2562)

[node name="Tree18" parent="Trees" instance=ExtResource("6_6fp2o")]
transform = Transform3D(1, 0, 0, 0, 1, 0, 0, 0, 1, 112.932, -9.53674e-07, 82.3559)

[node name="Tree19" parent="Trees" instance=ExtResource("6_6fp2o")]
transform = Transform3D(1, 0, 0, 0, 1, 0, 0, 0, 1, 109.631, -9.53674e-07, 80.3589)

[node name="Tree20" parent="Trees" instance=ExtResource("6_6fp2o")]
transform = Transform3D(1, 0, 0, 0, 1, 0, 0, 0, 1, 109.362, -9.53674e-07, 86.4586)

[node name="Tree21" parent="Trees" instance=ExtResource("6_6fp2o")]
transform = Transform3D(1, 0, 0, 0, 1, 0, 0, 0, 1, 114.334, -9.53674e-07, 88.1448)

[node name="Tree22" parent="Trees" instance=ExtResource("6_6fp2o")]
transform = Transform3D(1, 0, 0, 0, 1, 0, 0, 0, 1, 114.064, -9.53674e-07, 94.2445)

[node name="Tree23" parent="Trees" instance=ExtResource("6_6fp2o")]
transform = Transform3D(1, 0, 0, 0, 1, 0, 0, 0, 1, 110.763, -9.53674e-07, 92.2475)

[node name="Tree24" parent="Trees" instance=ExtResource("6_6fp2o")]
transform = Transform3D(1, 0, 0, 0, 1, 0, 0, 0, 1, 110.493, -9.53674e-07, 98.3472)

[node name="Tree25" parent="Trees" instance=ExtResource("6_6fp2o")]
transform = Transform3D(-0.432778, 0, 0.9015, 0, 1, 0, -0.9015, 0, -0.432778, 90.6033, -9.53674e-07, 110.65)

[node name="Tree26" parent="Trees" instance=ExtResource("6_6fp2o")]
transform = Transform3D(-0.432778, 0, 0.9015, 0, 1, 0, -0.9015, 0, -0.432778, 96.219, -9.53674e-07, 108.254)

[node name="Tree27" parent="Trees" instance=ExtResource("6_6fp2o")]
transform = Transform3D(-0.432778, 0, 0.9015, 0, 1, 0, -0.9015, 0, -0.432778, 95.8473, -9.53674e-07, 112.094)

[node name="Tree28" parent="Trees" instance=ExtResource("6_6fp2o")]
transform = Transform3D(-0.432778, 0, 0.9015, 0, 1, 0, -0.9015, 0, -0.432778, 101.463, -9.53674e-07, 109.697)

[node name="Tree29" parent="Trees" instance=ExtResource("6_6fp2o")]
transform = Transform3D(-0.432778, 0, 0.9015, 0, 1, 0, -0.9015, 0, -0.432778, 100.831, -9.53674e-07, 104.485)

[node name="Tree30" parent="Trees" instance=ExtResource("6_6fp2o")]
transform = Transform3D(-0.432778, 0, 0.9015, 0, 1, 0, -0.9015, 0, -0.432778, 106.447, -9.53674e-07, 102.089)

[node name="Tree31" parent="Trees" instance=ExtResource("6_6fp2o")]
transform = Transform3D(-0.432778, 0, 0.9015, 0, 1, 0, -0.9015, 0, -0.432778, 106.075, -9.53674e-07, 105.929)

[node name="Tree32" parent="Trees" instance=ExtResource("6_6fp2o")]
transform = Transform3D(-0.432778, 0, 0.9015, 0, 1, 0, -0.9015, 0, -0.432778, 111.691, -9.53674e-07, 103.532)

[node name="Tree33" parent="Trees" instance=ExtResource("6_6fp2o")]
transform = Transform3D(-0.670207, 0, 0.742175, 0, 1, 0, -0.742175, 0, -0.670207, 92.7396, -9.53674e-07, 122.751)

[node name="Tree34" parent="Trees" instance=ExtResource("6_6fp2o")]
transform = Transform3D(-0.670207, 0, 0.742175, 0, 1, 0, -0.742175, 0, -0.670207, 97.4475, -9.53674e-07, 118.863)

[node name="Tree35" parent="Trees" instance=ExtResource("6_6fp2o")]
transform = Transform3D(-0.670207, 0, 0.742175, 0, 1, 0, -0.742175, 0, -0.670207, 98.1778, -9.53674e-07, 122.652)

[node name="Tree36" parent="Trees" instance=ExtResource("6_6fp2o")]
transform = Transform3D(-0.670207, 0, 0.742175, 0, 1, 0, -0.742175, 0, -0.670207, 102.886, -9.53674e-07, 118.764)

[node name="Tree37" parent="Trees" instance=ExtResource("6_6fp2o")]
transform = Transform3D(-0.670207, 0, 0.742175, 0, 1, 0, -0.742175, 0, -0.670207, 100.805, -9.53674e-07, 113.944)

[node name="Tree38" parent="Trees" instance=ExtResource("6_6fp2o")]
transform = Transform3D(-0.670207, 0, 0.742175, 0, 1, 0, -0.742175, 0, -0.670207, 105.513, -9.53674e-07, 110.056)

[node name="Tree39" parent="Trees" instance=ExtResource("6_6fp2o")]
transform = Transform3D(-0.670207, 0, 0.742175, 0, 1, 0, -0.742175, 0, -0.670207, 106.243, -9.53674e-07, 113.844)

[node name="Tree40" parent="Trees" instance=ExtResource("6_6fp2o")]
transform = Transform3D(-0.670207, 0, 0.742175, 0, 1, 0, -0.742175, 0, -0.670207, 110.951, -9.53674e-07, 109.956)

[node name="Tree41" parent="Trees" instance=ExtResource("6_6fp2o")]
transform = Transform3D(0.00113437, 0, 0.999999, 0, 1, 0, -0.999999, 0, 0.00113437, 67.8709, -9.53674e-07, 111.99)

[node name="Tree42" parent="Trees" instance=ExtResource("6_6fp2o")]
transform = Transform3D(0.00113437, 0, 0.999999, 0, 1, 0, -0.999999, 0, 0.00113437, 73.9703, -9.53674e-07, 112.267)

[node name="Tree43" parent="Trees" instance=ExtResource("6_6fp2o")]
transform = Transform3D(0.00113437, 0, 0.999999, 0, 1, 0, -0.999999, 0, 0.00113437, 71.9696, -9.53674e-07, 115.566)

[node name="Tree44" parent="Trees" instance=ExtResource("6_6fp2o")]
transform = Transform3D(0.00113437, 0, 0.999999, 0, 1, 0, -0.999999, 0, 0.00113437, 78.0689, -9.53674e-07, 115.843)

[node name="Tree45" parent="Trees" instance=ExtResource("6_6fp2o")]
transform = Transform3D(0.00113437, 0, 0.999999, 0, 1, 0, -0.999999, 0, 0.00113437, 79.7608, -9.53674e-07, 110.872)

[node name="Tree46" parent="Trees" instance=ExtResource("6_6fp2o")]
transform = Transform3D(0.00113437, 0, 0.999999, 0, 1, 0, -0.999999, 0, 0.00113437, 85.8602, -9.53674e-07, 111.149)

[node name="Tree47" parent="Trees" instance=ExtResource("6_6fp2o")]
transform = Transform3D(0.00113437, 0, 0.999999, 0, 1, 0, -0.999999, 0, 0.00113437, 83.8595, -9.53674e-07, 114.448)

[node name="Tree48" parent="Trees" instance=ExtResource("6_6fp2o")]
transform = Transform3D(0.00113437, 0, 0.999999, 0, 1, 0, -0.999999, 0, 0.00113437, 89.9588, -9.53674e-07, 114.725)

[node name="Tree49" parent="Trees" instance=ExtResource("6_6fp2o")]
transform = Transform3D(-0.999998, 0, 0.00226873, 0, 1, 0, -0.00226873, 0, -0.999998, 92.9382, -1.90735e-06, 117.044)

[node name="Tree50" parent="Trees" instance=ExtResource("6_6fp2o")]
transform = Transform3D(-0.0629995, 0, -0.998014, 0, 1, 0, 0.998014, 0, -0.0629995, 86.2299, -9.53674e-07, 123.38)

[node name="Tree51" parent="Trees" instance=ExtResource("6_6fp2o")]
transform = Transform3D(-0.0629995, 0, -0.998014, 0, 1, 0, 0.998014, 0, -0.0629995, 88.4309, -9.53674e-07, 120.211)

[node name="Tree52" parent="Trees" instance=ExtResource("6_6fp2o")]
transform = Transform3D(-0.0629995, 0, -0.998014, 0, 1, 0, 0.998014, 0, -0.0629995, 82.3603, -9.53674e-07, 119.558)

[node name="Tree53" parent="Trees" instance=ExtResource("6_6fp2o")]
transform = Transform3D(-0.0629995, 0, -0.998014, 0, 1, 0, 0.998014, 0, -0.0629995, 80.3642, -9.53674e-07, 124.414)

[node name="Tree54" parent="Trees" instance=ExtResource("6_6fp2o")]
transform = Transform3D(-0.0629995, 0, -0.998014, 0, 1, 0, 0.998014, 0, -0.0629995, 74.2937, -9.53674e-07, 123.76)

[node name="Tree55" parent="Trees" instance=ExtResource("6_6fp2o")]
transform = Transform3D(-0.0629995, 0, -0.998014, 0, 1, 0, 0.998014, 0, -0.0629995, 76.4946, -9.53674e-07, 120.591)

[node name="Tree56" parent="Trees" instance=ExtResource("6_6fp2o")]
transform = Transform3D(-0.0629995, 0, -0.998014, 0, 1, 0, 0.998014, 0, -0.0629995, 70.424, -9.53674e-07, 119.938)

[node name="Tree57" parent="Trees" instance=ExtResource("6_6fp2o")]
transform = Transform3D(-0.670207, 0, 0.742175, 0, 1, 0, -0.742175, 0, -0.670207, 114.451, -9.53674e-07, 118.863)

[node name="Tree58" parent="Trees" instance=ExtResource("6_6fp2o")]
transform = Transform3D(-0.670207, 0, 0.742175, 0, 1, 0, -0.742175, 0, -0.670207, 115.181, -9.53674e-07, 122.652)

[node name="Tree59" parent="Trees" instance=ExtResource("6_6fp2o")]
transform = Transform3D(-0.670207, 0, 0.742175, 0, 1, 0, -0.742175, 0, -0.670207, 119.889, -9.53674e-07, 118.764)

[node name="Tree60" parent="Trees" instance=ExtResource("6_6fp2o")]
transform = Transform3D(-0.670207, 0, 0.742175, 0, 1, 0, -0.742175, 0, -0.670207, 117.808, -9.53674e-07, 113.944)

[node name="Tree61" parent="Trees" instance=ExtResource("6_6fp2o")]
transform = Transform3D(-0.670207, 0, 0.742175, 0, 1, 0, -0.742175, 0, -0.670207, 122.516, -9.53674e-07, 110.056)

[node name="Tree62" parent="Trees" instance=ExtResource("6_6fp2o")]
transform = Transform3D(-0.584391, 0, 0.811472, 0, 1, 0, -0.811472, 0, -0.584391, 104.921, -9.53674e-07, 121.828)

[node name="Tree63" parent="Trees" instance=ExtResource("6_6fp2o")]
transform = Transform3D(-0.584391, 0, 0.811472, 0, 1, 0, -0.811472, 0, -0.584391, 105.229, -9.53674e-07, 125.673)

[node name="Tree64" parent="Trees" instance=ExtResource("6_6fp2o")]
transform = Transform3D(-0.584391, 0, 0.811472, 0, 1, 0, -0.811472, 0, -0.584391, 110.337, -9.53674e-07, 122.328)

[node name="Tree65" parent="Trees" instance=ExtResource("6_6fp2o")]
transform = Transform3D(-0.584391, 0, 0.811472, 0, 1, 0, -0.811472, 0, -0.584391, 108.799, -9.53674e-07, 117.307)

[node name="Tree66" parent="Trees" instance=ExtResource("6_6fp2o")]
transform = Transform3D(-0.584391, 0, 0.811472, 0, 1, 0, -0.811472, 0, -0.584391, 113.907, -9.53674e-07, 113.962)

[node name="craftingstation_broken" parent="." instance=ExtResource("7_cdhkg")]
transform = Transform3D(1, 0, 0, 0, 1, 0, 0, 0, 1, 113.962, -9.53674e-07, 66.2071)
labelOffset = Vector3(0, 2, 0)
labelRotation = Vector3(20, 20, 20)
